% This code arranges the data required for Judd-Ofelt analysis.
% The data is from:
%
% 1. Carnall et al., "Energy level structure and transition probabilities 
%    in the spectra of the trivalent lanthanides in LaF_3," (1978)
% 2. Alexander A. Kaminskii, "Laser Crystals: Their Physics and
%    Properties," Springer Berlin Heidelberg (2014)

clearvars; close all;

% State
layere = {'2D5/2';'2P1/2';'2K15/2';'4G11/2';'2D3/2';'2K13/2';'4G9/2';'4G7/2';'2G7/2';'4G5/2';'2H11/2';'4F9/2';'4S3/2';'4F7/2';'2H9/2';'4F5/2';'4F3/2';'4I15/2';'4I13/2';'4I11/2';'4I9/2'};
energy = [  24004;  23458;   21780;   21714;  21425;   19785;  19709;  19293;  17469;  17428;   16105;  14899;  13691;  13619;  12768;  12660;  11621;    6148;    4098;    2114;    235];
num =    [      6;      2;      16;      12;      4;      14;     10;      8;      8;      6;      12;     10;      4;      8;     10;      6;      4;      16;      14;      12;     10]; % 2*J+1

% Transition to the ground state
layerM = { '2D5/2-4I9/2';...
           '2P1/2-4I9/2';...
          '2K15/2-4I9/2';...
          '4G11/2-4I9/2';...
           '2D3/2-4I9/2';...
          '2K13/2-4I9/2';...
           '4G9/2-4I9/2';...
           '4G7/2-4I9/2';...
           '2G7/2-4I9/2';...
           '4G5/2-4I9/2';...
          '2H11/2-4I9/2';...
           '4F9/2-4I9/2';...
           '4S3/2-4I9/2';...
           '4F7/2-4I9/2';...
           '2H9/2-4I9/2';...
           '4F5/2-4I9/2';...
           '4F3/2-4I9/2';...
          '4I15/2-4I9/2';...
          '4I13/2-4I9/2';...
          '4I11/2-4I9/2'};
raree = [0.0001000, 0.0002000, 0.0021000;... %  2D5/2
         0.0000000, 0.0367000, 0.0000000;... %  2P1/2
         0.0000000, 0.0052000, 0.0143000;... % 2K15/2
         0.0000000, 0.0053000, 0.0080000;... % 4G11/2
         0.0000000, 0.0188000, 0.0002000;... %  2D3/2
         0.0069000, 0.0002000, 0.0312000;... % 2K13/2
         0.0046000, 0.0608000, 0.0406000;... %  4G9/2
         0.0551829, 0.1575348, 0.0553452;... %  4G7/2
         0.0756687, 0.1848501, 0.0313910;... %  2G7/2
         0.8978513, 0.4092854, 0.0358914;... %  4G5/2
         0.0000557, 0.0026723, 0.0103605;... % 2H11/2
         0.0008714, 0.0092309, 0.0416621;... %  4F9/2
         0.0009864, 0.0422939, 0.4244894;... %  4S3/2
         0.0000000, 0.0026944, 0.2352404;... %  4F7/2
         0.0092243, 0.0079976, 0.1154513;... %  2H9/2
         0.0009659, 0.2370999, 0.3970185;... %  4F5/2
         0.0000000, 0.2293435, 0.0548707;... %  4F3/2
         0.0000000, 0.0000637, 0.0452683;... % 4I15/2
         0.0000662, 0.0135702, 0.4556863;... % 4I13/2
         0.0194432, 0.1073318, 1.1649272];   % 4I11/2

% Transition among states
layer = {'2D5/2-2P1/2';...  % [0.0260, 0, 0]
         '2D5/2-2K15/2';... % [0, 0, 0.4889]
         '2D5/2-4G11/2';... % [0, 0.0314, 0.0006]
         '2D5/2-2D3/2';... % [0.1744, 0.0011, 0]
         '2D5/2-2K13/2';... % [0, 0.0033, 0.1828]
         '2D5/2-4G9/2';... % [0, 0.0077, 0.0064]
         '2D5/2-4G7/2';... % [0.0003, 0.0481, 0.0558]
         '2D5/2-2G7/2';... % [0.0064, 0.0688, 0.1756]
         '2D5/2-4G5/2';... % [0.0014, 0.0008, 0]
         '2D5/2-2H11/2';... % [0, 0.2523, 0.0184]
         '2D5/2-4F9/2';... % [0.0003, 0.0110, 0.0132]
         '2D5/2-4S3/2';... % [0.0071, 0, 0]
         '2D5/2-4F7/2';... % [0.0005, 0.0171, 0.0064]
         '2D5/2-2H9/2';... % [0.0078, 0.1994, 0.0791]
         '2D5/2-4F5/2';... % [0.0005, 0.0006, 0]
         '2D5/2-4F3/2';... % [0.0009, 0.0007, 0]
         '2D5/2-4I15/2';...
         '2D5/2-4I13/2';... % [0, 0.0037, 0.0169]
         '2D5/2-4I11/2';... % [0, 0.0001, 0.0029]
         '2D5/2-4I9/2';... % [0, 0.0002, 0.0017]
         
         '2P1/2-2K15/2';...
         '2P1/2-4G11/2';...
         '2P1/2-2D3/2';... % [0.0291, 0, 0]
         '2P1/2-2K13/2';...
         '2P1/2-4G9/2';... % [0, 0.0010, 0]
         '2P1/2-4G7/2';... % [0, 0.0026, 0]
         '2P1/2-2G7/2';... % [0, 0.0097, 0]
         '2P1/2-4G5/2';... % [0.0346, 0, 0]
         '2P1/2-2H11/2';...
         '2P1/2-4F9/2';... % [0, 0.0033, 0]
         '2P1/2-4S3/2';... % [0.0175, 0, 0]
         '2P1/2-4F7/2';... % [0, 0.0200, 0]
         '2P1/2-2H9/2';... % [0, 0.0871, 0]
         '2P1/2-4F5/2';... % [0.0101, 0, 0]
         '2P1/2-4F3/2';... % [0.0131, 0, 0]
         '2P1/2-4I15/2';...
         '2P1/2-4I13/2';... % [0, 0, 0.1746]
         '2P1/2-4I11/2';... % [0, 0, 0.1643]
         '2P1/2-4I9/2';... % [0, 0.0396, 0]
         
         '2K15/2-4G11/2';... % [0.0099, 0.0162, 0.0912]
         '2K15/2-2D3/2';... % [0, 0, 0.3482]
         '2K15/2-2K13/2';...
         '2K15/2-4G9/2';... % [0, 0.1408, 0.0246]
         '2K15/2-4G7/2';... % [0, 0.0186, 0.0018]
         '2K15/2-2G7/2';... % [0, 0.0383, 0.0122]
         '2K15/2-4G5/2';... % [0, 0, 0.0051]
         '2K15/2-2H11/2';... % [0.1556, 0.0017, 1.5224]
         '2K15/2-4F9/2';... % [0, 0.0003, 0.2037]
         '2K15/2-4S3/2';... % [0, 0, 0.0030]
         '2K15/2-4F7/2';... % [0, 0, 0.0077]
         '2K15/2-2H9/2';... % [0, 0.4675, 0.4145]
         '2K15/2-4F5/2';... % [0, 0, 0.0051]
         '2K15/2-4F3/2';... % [0, 0, 0.0099]
         '2K15/2-4I15/2';...
         '2K15/2-4I13/2';...
         '2K15/2-4I11/2';... % [0.0020, 0.0003, 0.0039]
         '2K15/2-4I9/2';... % [0, 0.0052, 0.0149]
         
         '4G11/2-2D3/2';... % [0, 0.0300, 0.0003]
         '4G11/2-2K13/2';... % [0.0001, 0.0077, 0.0233]
         '4G11/2-4G9/2';... % [0.0521, 0.5102, 0.1206]
         '4G11/2-4G7/2';... % [0.0023, 0.0341, 0.3811]
         '4G11/2-2G7/2';... % [0.0119, 0.1233, 0.0015]
         '4G11/2-4G5/2';... % [0, 0.0094, 0.0914]
         '4G11/2-2H11/2';... % [0.0009, 0.0809, 0.0109]
         '4G11/2-4F9/2';... % [0.9423, 0.2060, 0.0411]
         '4G11/2-4S3/2';... % [0, 0.3245, 0.0004]
         '4G11/2-4F7/2';... % [0.1729, 0.1623, 0.1447]
         '4G11/2-2H9/2';... % [0.1796, 0.0001, 0.0037]
         '4G11/2-4F5/2';... % [0, 0.0611, 0.1976]
         '4G11/2-4F3/2';... % [0, 0.0015, 0.0992]
         '4G11/2-4I15/2';... % [1.5301, 0.8915, 0.1590]
         '4G11/2-4I13/2';... % [0.1283, 0.3514, 0.1609]
         '4G11/2-4I11/2';... % [0.0044, 0.0645, 0.0563]
         '4G11/2-4I9/2';... % [0, 0.0052, 0.0079]
         
         '2D3/2-2K13/2';... % [0, 0, 0.0860]
         '2D3/2-4G9/2';... % [0, 0.0023, 0.0325]
         '2D3/2-4G7/2';... % [0.0206, 0.0418, 0]
         '2D3/2-2G7/2';... % [0.0104, 0.0839, 0]
         '2D3/2-4G5/2';... % [0.0002, 0.0039, 0]
         '2D3/2-2H11/2';... % [0, 0.1078, 0.1807]
         '2D3/2-4F9/2';... % [0, 0.0003, 0.0139]
         '2D3/2-4S3/2';... % [0.0073, 0, 0]
         '2D3/2-4F7/2';... % [0.0025, 0.0001, 0]
         '2D3/2-2H9/2';... % [0, 0.0259, 0.0872]
         '2D3/2-4F5/2';... % [0.0038, 0, 0]
         '2D3/2-4F3/2';... % [0.0050, 0, 0]
         '2D3/2-4I15/2';... % [0, 0, 0.0083]
         '2D3/2-4I13/2';...
         '2D3/2-4I11/2';... % [0, 0.0016, 0.0326]
         '2D3/2-4I9/2';... % [0, 0.0202, 0.0001]
         
         '2K13/2-4G9/2';... % [0.0210, 0.0440, 0.1131]
         '2K13/2-4G7/2';... % [0, 0.5179, 0.0014]
         '2K13/2-2G7/2';... % [0, 0.7062, 0.0012]
         '2K13/2-4G5/2';... % [0, 0.0018, 0.0077]
         '2K13/2-2H11/2';... % [0.0014, 0.0044, 0.4795]
         '2K13/2-4F9/2';... % [0.0462, 0.0042, 0.2931]
         '2K13/2-4S3/2';...
         '2K13/2-4F7/2';... % [0, 0.0664, 0.0003]
         '2K13/2-2H9/2';... % [0.1211, 0.0063, 1.1292]
         '2K13/2-4F5/2';... % [0, 0.0026, 0.0048]
         '2K13/2-4F3/2';... % [0, 0, 0.0076]
         '2K13/2-4I15/2';...
         '2K13/2-4I13/2';... % [0.0032, 0.0001, 0.0024]
         '2K13/2-4I11/2';...
         '2K13/2-4I9/2';... % [0.0071, 0.0002, 0.0330]
         
         '4G9/2-4G7/2';... % [0.0375, 0.1449, 0.1417]
         '4G9/2-2G7/2';... % [0.0730, 0.1395, 0.0034]
         '4G9/2-4G5/2';... % [0, 0.1035, 0.2477]
         '4G9/2-2H11/2';... % [0.0032, 0.0308, 0.2310]
         '4G9/2-4F9/2';... % [0.1181, 0.1593, 0.0207]
         '4G9/2-4S3/2';... % [0, 0.1922, 0.0009]
